[Caterpillar-14M3-motor-grader-2.jpeg]
filters=bw=1;
moddate=8acc6ff54f4bd301
width=2425
height=1648
textactive=0
[header.jpeg]
filters=finetune2=1,0.000000,0.000000,0.000000,00000000,1.000000;CrossProcess=1,0.000000;warm=1;warm=1;warm=1;warm=1;warm=1;bw=1;
moddate=24dd3211c14cd301
width=2425
height=1648
textactive=0
